      24.0
      32.0
      100.0
      100.0
      -32.0
      -67.0
      -100.0
      -53.0
      64.0
      -68.0
      14.0
      -17.0
      -97.0
      57.0
      -100.0
      74.0
      -92.0
      3.0
      -41.0
      20.0
      -54.0
      -1.0
      -47.0
      11.0
      -4.0
      39.0
      32.0
      -100.0
      60.0
      85.0
      -100.0
      100.0
      91.0
      -57.0
      66.0
      -66.0
      -62.0
      0.0
      8.0
      -67.0
      -21.0
      -12.0
      -41.0
      89.0
      56.0
      56.0
      56.0
      58.0
      -90.0
      -23.0
      -76.0
      -50.0
      48.0
      -70.0
      41.0
      -92.0
      56.0
      9.0
      100.0
      68.0
      36.0
      44.0
      -30.0
      45.0
      34.0
      55.0
      25.0
      49.0
      8.0
      59.0
      -27.0
      87.0
      70.0
      81.0
      68.0
      81.0
      4.0
      33.0
      1.0
      43.0
      -46.0
      -68.0
      -58.0
      -100.0
      77.0
      17.0
      100.0
      -80.0
      1.0
      72.0
      -4.0
      72.0
      -48.0
      0.0
      -28.0
      11.0
      59.0
      -20.0
      35.0
      -38.0
      90.0
      -52.0
      100.0
      -100.0
      26.0
      100.0
      -30.0
      100.0
      -11.0
      18.0
      -9.0
      43.0
      -24.0
      -10.0
      -23.0
      -10.0
      72.0
      -4.0
      58.0
      10.0
      -65.0
      33.0
      -100.0
      45.0
      -47.0
      56.0
      -38.0
      7.0
      69.0
      -79.0
      93.0
      -84.0
      67.0
      95.0
      54.0
      100.0
      -76.0
      51.0
      -79.0
      38.0
      93.0
      22.0
      91.0
      6.0
      -94.0
      -18.0
      -75.0
      -37.0
      37.0
      -28.0
      52.0
      22.0
      39.0
      45.0
      21.0
      -13.0
      -5.0
      53.0
      1.0
      63.0
      -11.0
      20.0
      -26.0
      24.0
      86.0
      -98.0
      38.0
      -100.0
      -24.0
      80.0
      -25.0
      82.0
      9.0
      -74.0
      -33.0
      -82.0
      37.0
      -89.0
      34.0
      -57.0
      57.0
      60.0
      100.0
      100.0
      37.0
      -95.0
      34.0
      -100.0
      -87.0
      -17.0
      -89.0
      2.0
      23.0
      64.0
      26.0
      51.0
      -23.0
      98.0
      56.0
      89.0
      24.0
      5.0
      20.0
      15.0
      -42.0
      57.0
      -37.0
      59.0
      79.0
      -47.0
      72.0
      -58.0
      4.0
      0.0
      4.0
      0.0
      -94.0
      -44.0
      -95.0
      -54.0
      76.0
      -11.0
      45.0
      -4.0
      -13.0
      -58.0
      -15.0
      -77.0
      81.0
      94.0
      80.0
      100.0
      -57.0
      -64.0
      -52.0
      -73.0
      -43.0
      45.0
      -34.0
      45.0
      14.0
      -19.0
      28.0
      -75.0
      8.0
      53.0
      6.0
      56.0
      55.0
      75.0
      45.0
      77.0
      62.0
      -5.0
      46.0
      -2.0
      43.0
      34.0
      58.0
      15.0
      -15.0
      3.0
      2.0
      10.0
      -84.0
      61.0
      -100.0
      100.0
      -74.0
      24.0
      -82.0
      31.0
      61.0
      7.0
      73.0
      -5.0
      7.0
      120.0
      97.0
      172.0
      35.0
      54.0
      47.0
      74.0
      -79.0
      -4.0
      -88.0
      -5.0
      -63.0
      -28.0
      -65.0
      9.0
      53.0
      -28.0
      63.0
      -98.0
      92.0
      -85.0
      91.0
      -97.0
      46.0
      33.0
      38.0
      38.0
      100.0
      44.0
      100.0
      57.0
      11.0
      49.0
      31.0
      82.0
      37.0
      -45.0
      20.0
      -39.0
      -22.0
      -43.0
      -42.0
      -58.0
      9.0
      -30.0
      12.0
      -28.0
      25.0
      83.0
      25.0
      87.0
      70.0
      -93.0
      65.0
      -89.0
      -18.0
      -84.0
      25.0
      -81.0
      4.0
      -73.0
      23.0
      -73.0
      -49.0
      87.0
      -91.0
      85.0
      66.0
      -76.0
      62.0
      -73.0
      41.0
      100.0
      38.0
      107.0
      32.0
      -22.0
      35.0
      -18.0
      -67.0
      -84.0
      -72.0
      -100.0
      96.0
      10.0
      100.0
      -41.0
      27.0
      -52.0
      23.0
      -48.0
      71.0
      -86.0
      64.0
      -81.0
      -60.0
      -26.0
      -46.0
      -18.0
      64.0
      0.0
      65.0
      1.0
      -100.0
      57.0
      -99.0
      58.0
      -88.0
      30.0
      -85.0
      30.0
      73.0
      68.0
      100.0
      100.0
      67.0
      15.0
      68.0
      18.0
      70.0
      91.0
      78.0
      97.0
      -80.0
      -9.0
      -81.0
      -6.0
      87.0
      57.0
      73.0
      66.0
      69.0
      41.0
      76.0
      41.0
      -32.0
      12.0
      -31.0
      11.0
      44.0
      44.0
      43.0
      51.0
      -31.0
      78.0
      -38.0
      75.0
      64.0
      -34.0
      87.0
      -33.0
      87.0
      -67.0
      80.0
      -80.0
      -49.0
      76.0
      -40.0
      78.0
      39.0
      -55.0
      38.0
      -60.0
      -13.0
      -52.0
      -22.0
      -45.0
      -83.0
      84.0
      -85.0
      75.0
      -65.0
      -10.0
      -69.0
      9.0
      7.0
      44.0
      2.0
      43.0
      78.0
      60.0
      76.0
      48.0
      66.0
      -45.0
      85.0
      -37.0
      -25.0
      -60.0
      -17.0
      -67.0
      25.0
      51.0
      20.0
      47.0
      -69.0
      32.0
      -82.0
      9.0
      -27.0
      -75.0
      -24.0
      -65.0
      41.0
      64.0
      52.0
      61.0
      -68.0
      -39.0
      -55.0
      -54.0
      -15.0
      -59.0
      -30.0
      -54.0
      -61.0
      -55.0
      -60.0
      -52.0
      25.0
      -88.0
      23.0
      -83.0
      65.0
      37.0
      50.0
      26.0
      -20.0
      89.0
      -25.0
      86.0
      -52.0
      -81.0
      -60.0
      -66.0
      67.0
      72.0
      60.0
      81.0
      -79.0
      23.0
      -139.0
      -27.0
      -86.0
      -2.0
      -87.0
      -1.0
      -100.0
      36.0
      -46.0
      30.0
      -92.0
      58.0
      -100.0
      93.0
      1.0
      -89.0
      0.0
      -84.0
      -83.0
      -16.0
      -66.0
      -51.0
      -12.0
      52.0
      -9.0
      54.0
      42.0
      81.0
      35.0
      66.0
      90.0
      83.0
      88.0
      84.0
      87.0
      48.0
      98.0
      51.0
      -40.0
      -16.0
      -37.0
      4.0
      -55.0
      -78.0
      -75.0
      -74.0
      65.0
      23.0
      57.0
      30.0
      23.0
      17.0
      18.0
      42.0
      34.0
      73.0
      28.0
      75.0
      14.0
      97.0
      15.0
      98.0
      35.0
      -43.0
      37.0
      -44.0
      -38.0
      13.0
      -28.0
      13.0
      13.0
      58.0
      11.0
      58.0
      -52.0
      -28.0
      -38.0
      -54.0
      24.0
      -27.0
      -1.0
      38.0
      42.0
      63.0
      45.0
      53.0
      0.0
      -14.0
      5.0
      -21.0
      40.0
      58.0
      41.0
      59.0
      5.0
      10.0
      7.0
      11.0
      18.0
      50.0
      13.0
      50.0
      56.0
      70.0
      58.0
      78.0
      -35.0
      -47.0
      -40.0
      -46.0
      -97.0
      -75.0
      -70.0
      -88.0
      77.0
      45.0
      59.0
      61.0
      -6.0
      -74.0
      5.0
      -67.0
      -80.0
      -43.0
      -75.0
      -55.0
      34.0
      -8.0
      24.0
      -26.0
      87.0
      -80.0
      93.0
      -71.0
      -68.0
      66.0
      -60.0
      82.0
      71.0
      51.0
      61.0
      62.0
      46.0
      -33.0
      52.0
      -33.0
      32.0
      38.0
      34.0
      40.0
      68.0
      -5.0
      79.0
      -10.0
      -47.0
      -91.0
      -49.0
      -97.0
      -53.0
      9.0
      -41.0
      14.0
      93.0
      -75.0
      92.0
      -75.0
      -67.0
      -96.0
      -60.0
      -100.0
      21.0
      -30.0
      23.0
      -32.0
      7.0
      47.0
      11.0
      55.0
      -2.0
      90.0
      27.0
      80.0
      67.0
      -65.0
      63.0
      -59.0
      -36.0
      100.0
      -39.0
      104.0
      21.0
      -75.0
      22.0
      -73.0
      -69.0
      2.0
      -68.0
      3.0
      22.0
      31.0
      24.0
      42.0
      -89.0
      66.0
      -93.0
      64.0
      90.0
      51.0
      91.0
      51.0
      91.0
      -84.0
      79.0
      -90.0
      -41.0
      100.0
      -41.0
      95.0
      -23.0
      -61.0
      -22.0
      -59.0
      38.0
      46.0
      32.0
      52.0
      -39.0
      -24.0
      -41.0
      -4.0
      -27.0
      -100.0
      -15.0
      -88.0
      88.0
      100.0
      77.0
      104.0
      58.0
      36.0
      58.0
      33.0
      -24.0
      -26.0
      -22.0
      -32.0
      -51.0
      32.0
      -99.0
      57.0
      -100.0
      23.0
      -89.0
      24.0
      50.0
      -13.0
      56.0
      -11.0
      -51.0
      -89.0
      -53.0
      -89.0
